<?xml version="1.0" standalone="no"?>
<!DOCTYPE svg PUBLIC "-//W3C//DTD SVG 20010904//EN"
 "http://www.w3.org/TR/2001/REC-SVG-20010904/DTD/svg10.dtd">
<svg version="1.0" xmlns="http://www.w3.org/2000/svg"
 width="1254.000000pt" height="1254.000000pt" viewBox="0 0 1254.000000 1254.000000"
 preserveAspectRatio="xMidYMid meet">
<metadata>
Created by potrace 1.16, written by Peter Selinger 2001-2019
</metadata>
<g transform="translate(0.000000,1254.000000) scale(0.100000,-0.100000)"
fill="#000000" stroke="none">
<path d="M7960 12529 c-178 -12 -1771 -125 -2025 -144 -110 -8 -447 -33 -750
-55 -1125 -82 -2020 -150 -3240 -245 -319 -25 -635 -50 -701 -55 -555 -43
-623 -50 -706 -76 -278 -87 -445 -268 -515 -556 -16 -69 -18 -285 -21 -3973
-2 -2540 1 -3945 7 -4030 13 -163 43 -271 121 -430 87 -179 187 -320 670 -945
240 -310 615 -804 845 -1110 397 -530 493 -647 605 -731 133 -101 271 -151
476 -170 157 -15 351 -6 2059 91 193 11 557 31 810 45 253 14 645 36 870 50
226 14 565 34 755 45 190 11 649 38 1020 60 371 22 792 47 935 55 143 9 476
29 740 45 264 16 674 41 910 55 237 14 468 32 515 41 282 50 474 179 573 385
25 52 54 128 64 169 17 72 18 278 18 4570 l0 4495 -21 45 c-63 133 -146 207
-549 490 -182 128 -369 260 -925 654 -356 252 -883 626 -1087 772 -387 278
-551 371 -736 418 -165 43 -406 54 -717 35z m432 -715 c192 -26 391 -105 553
-219 33 -23 236 -170 450 -326 215 -157 482 -352 595 -434 113 -81 220 -159
238 -173 18 -13 43 -44 55 -68 21 -44 21 -44 2 -64 -22 -21 46 -16 -880 -70
-280 -16 -733 -43 -1005 -60 -272 -17 -724 -44 -1005 -60 -1090 -65 -1516 -90
-1665 -100 -85 -6 -337 -21 -560 -35 -223 -13 -630 -38 -905 -55 -275 -16
-678 -41 -895 -55 -485 -31 -600 -35 -713 -24 -236 22 -337 75 -712 374 -77
61 -293 232 -480 379 -187 148 -348 278 -357 290 -46 56 -27 128 45 170 76 45
-40 34 1612 156 446 33 1031 75 1300 95 270 19 636 46 815 60 179 14 669 50
1090 80 421 31 1055 77 1410 104 711 54 846 58 1012 35z m2588 -2161 c88 -40
148 -127 175 -254 13 -61 15 -538 15 -3814 0 -4102 4 -3826 -58 -3960 -38 -81
-79 -125 -150 -163 -114 -61 -123 -62 -747 -97 -608 -35 -2854 -165 -3615
-210 -140 -8 -457 -26 -705 -40 -247 -13 -479 -27 -515 -30 -36 -3 -342 -21
-680 -40 -338 -19 -851 -48 -1140 -65 -651 -38 -738 -33 -880 52 -101 61 -160
166 -180 320 -8 59 -10 1172 -8 3808 l3 3725 22 65 c44 128 101 190 214 229
81 28 96 29 559 56 234 13 884 51 1445 84 561 33 1297 76 1635 96 338 19 719
42 845 50 354 23 1175 72 1855 110 338 19 759 44 935 55 176 11 403 24 505 30
102 6 199 13 215 15 83 9 211 -2 255 -22z"/>
<path d="M8605 8279 c-193 -12 -1478 -87 -1705 -99 -102 -6 -378 -21 -615 -35
-236 -13 -686 -38 -1000 -55 -313 -17 -589 -36 -613 -42 -67 -17 -126 -69
-161 -140 -29 -59 -95 -373 -253 -1199 -10 -49 -9 -61 8 -94 34 -69 59 -80
195 -83 140 -4 293 10 368 34 60 20 134 80 160 133 17 32 130 434 147 519 4
19 12 35 18 37 6 2 97 9 201 15 190 10 919 51 1648 93 213 12 387 19 387 15 0
-7 -83 -125 -730 -1033 -360 -505 -727 -1022 -856 -1205 -61 -85 -249 -351
-419 -590 -564 -796 -869 -1228 -987 -1400 -131 -190 -153 -263 -153 -495 1
-135 4 -172 23 -240 47 -162 125 -254 252 -295 83 -27 103 -26 830 10 223 11
853 42 1400 70 547 27 1085 54 1195 60 110 6 375 19 589 30 424 22 439 24 502
88 59 59 72 105 119 421 24 163 71 476 104 696 79 524 76 493 54 535 -29 55
-79 74 -193 73 -163 -3 -305 -36 -383 -90 -21 -14 -53 -47 -71 -72 -19 -26
-102 -211 -191 -428 l-159 -382 -80 -5 c-152 -11 -2142 -106 -2219 -106 l-38
0 19 28 c89 129 656 932 901 1277 167 237 354 499 413 583 269 381 528 747
603 852 45 63 172 243 284 400 419 589 888 1253 948 1339 86 125 117 220 117
361 1 125 -16 189 -72 276 -44 68 -109 116 -186 139 -55 17 -172 18 -401 4z"/>
</g>
</svg>
